linearSVM, emojis:

C: 0.03125

Accuracy: 0.9570495752268695
Precision: 0.016021574228241048
Recall: 0.016084201884929646
F1: 0.012199286675409803

tweet_by_ID_02_6_2018__05_40_21_100000.text