linearSVM, emojis:

C: 64

Accuracy: 0.9560166773259191
Precision: 0.020951892081461358
Recall: 0.013606945838380565
F1: 0.011532319107019644
